22.543711924140432
24.070535201754453
24.99520089412542
24.818455709142718
23.70419985932211
23.392680938729995
20.515293771377294
20.499980371815614
26.45359025796087
24.299967829785114
26.410390394546713
20.779273634627824
22.27348052844006
23.303772229414307
20.97430233429728
21.543443613462337
25.212789176585478
23.987493841362433
20.732662512498838
22.181472470775887
18.351609402910753
26.61782908672117
21.819253354160086
20.008863673290328
22.028690757903036
19.207907607663664
23.726552792975404
22.727265692489652
22.86647984186681
26.654266867678125
23.23275131358199
24.426538657860483
25.673781581097657
24.600507578049832
20.858098329363404
18.263060000950247
21.396218777527096
21.75584603164673
23.7651465902962
22.780658456809817
23.391093129819094
17.193993076423972
22.68380941058003
20.438954347895713
24.95051881421489
20.630398598529432
24.974199925929906
22.526096448164324
23.586946943824156
19.637117907786628
24.85681448496267
25.411488992922386
22.709277962056035
20.692989726889152
20.127044252167867
23.82619386959242
24.165920246354442
21.47950142996536
22.838277261566287
20.22798255241019
18.45259629102185
21.836357215671285
24.589815858258266
22.113215537277092
19.308453225722136
20.47227509732229
19.332767085044516
22.27981116154155
19.247497771749384
19.55498694989707
25.596940534200712
21.974967172623973
21.48917926689384
18.61496233943896
25.673413516464052
21.791119905632424
20.88480615511172
22.300876836603667
22.39116473967367
25.667149394237875
21.860059951891568
24.56727451471287
24.79396465677872
20.060390508729352
24.134978014914445
25.91158603432933
23.1939880806797
18.842852786638858
20.182912454706948
19.44083870612279
26.920156188352944
23.648330141814494
21.188239510621703
18.944628056924472
17.85337412675634
20.593065460540046
22.65268226623152
19.38177185564066
18.437976467013044
23.476609887560752
24.493718144363115
24.510903627775487
17.54010597700542
19.89724505985231
24.5723637138548
18.684545182378734
21.790932674092463
18.439001715286494
19.320177986877724
19.927341864275704
18.522228167488827
20.48439050689967
24.438915063092015
20.199339739736775
22.826417895400933
19.824259353927243
24.09074204377669
26.11644898906315
21.822586421083493
23.736167653681303
22.961129938955956
19.299428669957628
21.30152727377056
19.91459553407593
18.640454354279136
22.83608315161612
26.109353372894372
23.149968018079733
21.833430663143762
20.961144979439062
21.304758325626473
19.860824491456594
19.483717035235955
22.529301139069464
18.208249270321442
18.5497551276114
25.109508370164335
20.180026863945105
23.16764646998978
22.559539691747442
21.32472076058872
18.236280164826226
19.73691779427368
21.799501563643492
22.188820812181838
22.24633178363117
21.001651999937796
24.8707662350896
20.36180602757065
20.099932140821522
21.71343426676551
18.585301190092522
24.621948249655766
25.44458365713712
20.77241493072914
20.925842424528415
20.148436462864304
20.36648727577755
23.62659639869854
25.113564960338326
23.282119137810476
21.601296004485516
19.714167941369762
23.815416987648668
20.739160082921384
25.57380063060401
24.817859716571185
19.70410992144594
22.77147623339414
23.77460938522004
19.479715422950438
23.68521833240223
21.176225252134394
20.137020916534624
20.839567949472098
22.92037747724344
24.5761134961254
23.89524786666583
22.741981323640044
24.536166849445806
23.05359335246167
17.06245835943987
23.3716840248958
20.782956677099435
19.69797365511331
24.328820336769176
24.575896288887034
21.446936815230046
21.93436191762822
21.635192675877516
26.186636024466296
23.33225163766535
19.012406626987
18.94478861313559
18.65556393644592
18.692041126582556
21.185478265030145
19.313273829729805
19.032477074279893
19.432981693219734
22.84666679255591
23.72900682280548
17.774600878291086
22.611175313743136
23.838729821349922
20.477547276113633
22.046324833548482
21.2171317431635
19.822151926529337
23.373762773911665
17.967624567953052
25.75419936659276
23.692516262556154
19.320231680670666
21.618462109694075
25.169742210941877
25.223356878536944
24.570201413526494
23.087525104493515
20.828778025676137
19.126607472341007
21.861865248177427
24.955135849597077
21.741155806983762
21.031987897953005
19.6479669946656
20.04899165051883
20.230906562666426
24.399233457345147
25.240793971372167
22.325403718176016
23.355703142666595
25.863728319287546
18.998744315411273
22.89460516629774
24.913935105551435
18.804013550614957
17.89143633349051
20.832096572787695
24.27805429475265
20.805895628055865
24.871247775390838
19.337707764859132
22.6335801298059
18.77842705595453
19.44343002935294
24.934623019609003
20.662733732902932
23.661072124809866
21.636207385844124
25.583623102331018
19.521831014353506
23.81729858782676
23.824574064587058
17.142899353649405
19.847109902876372
18.195830467347523
21.932662335316525
26.283097717097476
21.731600158943177
18.921539964589602
17.447186295917668
17.876813690034353
22.433782634351235
20.88865132014039
24.040136524430213
24.98144881158268
24.945877863572587
24.35946218125252
24.251229319420258
24.016720835758072
24.513058640708515
26.549461901580628
20.921324068017185
23.4282605295598
23.445797717446077
21.76023058309854
23.33957924285788
25.070495650072306
21.76984328694975
22.765603658414843
23.747424128490156
23.10037937717178
24.348087025721757
23.308834899212595
23.64392782477388
25.381945219992613
23.98345791916804
25.627366761029638
21.17688120583889
19.86066620167593
21.50288428836772
24.936658768654095
20.469983401702862
20.618740919030227
25.72285156632732
23.694483422839415
24.70835328318113
23.757146606497887
22.407177477311766
26.152585182479022
20.994697973533036
18.107482075064343
21.40375699086529
23.87906830592584
20.416142163891003
22.647974826467788
26.534436570955595
19.299004525865513
25.86044973458294
22.958490433902615
24.157480865108226
23.06999806392483
20.920436009045737
23.894128425564258
17.493040861399237
19.115382007209487
25.672858941354963
22.132237510103387
21.08970495431258
17.573716973333077
19.477665836278128
18.599251172526976
21.058193074201057
21.08898809038943
23.965803179060522
16.642328367475343
24.961726395222293
20.432939882962245
21.815942562286075
22.52876309728117
24.752398584466096
24.16576786484618
22.04789338202964
22.14786541598974
22.88899858521583
27.312082876565615
22.080013646764204
23.079479404842413
24.113954262366533
26.275293353046656
22.20888421657311
22.30555547980593
20.90831217831549
19.633049729826265
22.684752812401463
18.143292185958728
23.240866818231424
25.119769291266454
25.948151255320344
21.72930023386112
21.553969685746484
20.068228619459173
26.286267594597327
23.687935033749007
23.33572989311569
26.418906507536924
23.94721226823975
21.761208952565124
26.24352033921769
24.80692945139272
23.780015675339907
20.786316224531493
20.071046837729806
20.86243908837098
24.588119974861865
22.46871304344694
18.229412900867146
21.58209997918924
22.459608045619863
21.852658909401836
23.8037830365369
21.44411106671751
23.19894350697581
18.539688954501923
21.12375015337522
21.96035310018585
25.506944740973584
24.621170635250003
24.420557553763647
21.576195028021402
23.510642218273684
20.032827274272616
25.849917972453554
20.57939595174842
26.03922362289451
22.21985299782006
23.33269566988068
22.254821903354273
25.502071955116858
25.470091216922533
20.285669806950523
22.761356328369708
20.766756065413464
24.52680116464692
23.609946805844814
18.813415535716743
18.804916258108545
21.949558915974677
20.87488178769253
17.88430666618479
19.66358930772278
25.348406298290513
24.971077462260514
22.04698529027131
19.37247149980013
21.994762905757337
24.020548363384563
22.50735053883122
25.76775597436038
24.1932748618601
21.58428640239567
23.862854759866657
24.10010219005949
22.763848590230243
25.38244887894962
20.925096847185795
22.934710485253305
22.386058480339294
22.523209536594607
23.137906885227306
24.258329396564935
17.966025888244076
19.848572879410515
19.269432828952105
23.659397216641487
21.388079441070918
20.754069569343187
25.244349998996533
24.687369857793765
22.640741856849075
19.7556037699699
20.779880158311332
25.649898733921805
20.217424970087936
19.991567659181992
23.476990557372314
21.770200064409952
21.592092387710654
24.09962930424724
25.827743352577716
25.247383420765345
20.491200231401034
19.08396998130418
20.178231174147957
22.29450887492499
20.084073690146003
20.45613395560329
19.94937157605783
18.579906638393005
23.720519050139192
20.71516308420238
24.747230942051424
21.472684870551628
20.40975821659152
20.215192644425393
25.399758664047418
24.658453487449158
20.84354291339256
18.66869363370229
17.788671257596974
24.716524291039594
20.216271472390826
20.17880443819646
21.63451265059068
26.930119381619196
22.63097636327947
19.29028478495584
20.936590168039288
20.982297822536175
22.94883907019889
23.48082151636426
20.11812840354691
18.6360986525098
22.134684030925033
26.300915234965448
20.218317193884445
26.460996333570957
24.43819100853277
20.394325033890247
26.491737424649703
22.670607176153425
21.0385369865014
20.183130335977445
21.650574604780672
19.12448289992453
25.996638755182758
21.718853634354
20.837499123091447
19.86133838022426
25.148577904118458
20.79450984027195
23.739366644611692
24.196769516612047
22.386638341750448
21.90668641859114
24.860370192949446
21.410302944649388
21.514294791312018
25.454795120622958
22.37958304695347
24.301721665604006
22.776463234747133
25.54731069397209
23.719639678484292
23.61891892051128
23.840208498550798
22.039594834745802
24.57544466152717
19.475620032526223
22.91466420399816
18.752346342932487
24.209085046140277
19.368970207208704
21.179580623799726
26.198681747374657
23.848922972732176
21.28520861110093
17.293080618762946
24.35803102890403
19.558905316409685
21.898647748012543
24.383412691197996
18.781099337595066
23.185824269941914
19.544247823266602
23.16268733284335
19.95412549061641
24.139963944804194
22.068720519540467
22.842352198867044
24.37315912888591
21.661115980445814
23.922647491649464
20.179081153678386
19.949211384365903
22.650055051390144
23.60720712698819
23.34932796631012
18.158409806689438
24.35469006219052
19.297137667321458
20.174515728341426
20.797837116397837
18.73735977344054
23.673617170022577
21.98150537604321
20.307755360518275
21.407665511552914
23.105450192945696
23.40115984874136
22.15615587620514
20.763803223669154
19.518655000576775
17.596706824673635
25.23026207054482
21.579768865227663
22.969311476638556
20.86075062887789
23.894733498712725
21.402823659406394
24.210372194067343
24.561065566861544
23.43000938101358
23.78864785033401
24.156984675494535
18.957706367893273
21.129079091584348
20.544056423646495
19.092619302242266
23.75478687399393
25.186475606511063
18.134220895175698
19.21644150993307
20.21775929153946
22.19306566465255
21.809972266396876
23.45841930600405
19.478918857097206
19.12922941870267
19.164924041333354
20.202467396531567
20.43499339730446
22.441135926306643
21.828134755592153
23.544694126387434
21.534440843460985
22.179419741333163
25.434825145043686
20.118049527213678
18.030818511093663
18.243724512607542
22.787634020728138
19.51572918848899
22.63030479695804
22.86879014935889
20.045351496542438
22.193375687704613
21.497920728732677
25.437557993439842
21.855260906191994
22.183683890797084
17.964687706522984
18.820085851752076
25.12456678926895
23.43349109012208
27.38479867347646
24.204514223880164
22.112008904842142
21.69838564063246
21.984733529913093
26.945157364628386
20.30303739127978
22.44517118971329
23.656078845006768
18.969693798739375
24.454522344849593
20.900353154220475
23.03296814511238
25.33499704828251
24.985614189034216
19.333975096273278
20.4429022267544
25.245423608159392
20.57079517486345
23.195922226629722
20.483464598303033
24.68751999303538
25.487573411135656
23.99333377258043
19.956556347964906
21.288356198805523
22.135392428045737
20.048378091891276
23.90359150961257
23.017516047222742
18.10939155614697
19.67415473056133
23.63433598465913
19.69025058502579
22.70436583031653
20.98268846995468
19.36006093419434
22.45143823394674
22.00099008518657
21.64706178340283
18.151587340922184
23.456832945998922
18.511389427887785
24.1139613039033
22.69643216840614
20.668863998179283
25.074462743830896
25.689506451039154
21.413929549887207
21.998168210257564
21.931135728158694
18.400331916518308
20.847907375992857
21.61388745164175
20.776219386714832
23.11260353152521
25.673063197717248
23.17016751692977
20.563863163264646
17.706780026913638
25.285164100769947
25.784767148092715
20.502689833383425
23.63294307128902
18.100845114999565
23.647462342554856
19.845162976948643
25.16948300620398
19.70796961775242
25.692029731943038
23.253609221639916
22.98229057539092
24.55987385497318
20.001520891114843
24.894676765167702
21.880568893089368
19.215411125302126
21.64334049976835
23.741200120303695
21.48197614492311
18.330171447791525
22.54831506794184
24.64245344919359
22.43808077954916
20.737575191170286
17.98278567227793
22.687695650484542
24.15271799136921
21.02351789675375
22.948762258638894
22.129161935685993
22.52076222717511
19.02589052596219
23.2518119795751
19.28219004138577
20.231363473785485
26.051274375719316
23.798875194674014
24.923343691306005
17.83759662421114
22.02744507266429
21.011661197601146
21.19441312738187
18.16086522169956
21.71598524720821
22.331295313143258
22.59367380604131
25.651599995810415
23.78836810516208
19.93830779906693
20.925421951487426
20.63268150349589
21.14979143036641
18.400993756033255
21.531471915746177
21.425415924766952
18.93705430551385
19.119998031249676
25.675578024817
25.431298295161472
17.52201091720957
20.23134949860612
25.611087848602217
18.665816486019118
19.863313454864286
24.70505625961976
18.71402604808423
24.794313385181717
24.453183279099484
25.07276743134559
19.73977180724285
20.920171797706743
25.24972084500493
23.82398070707429
19.802041038210618
21.769911911017534
22.182967906288305
24.7050155883095
21.72489458976722
23.90879958737324
17.471081857865315
19.1763374125307
24.125851876062
23.483854527829482
23.38528940555606
20.354459824679154
23.073036156129245
26.339976730691284
23.385777302792246
18.545433878943165
25.233482568267476
23.48097624727996
18.174667853188183
25.122950993923208
22.140253362885083
24.596670717870044
20.3570041854968
18.77295664254404
24.706530360667752
24.826650756451993
20.978873745914097
24.77181685752346
22.116168223280035
23.57966345618985
22.84043817226152
23.385997457538064
23.421645703148318
25.259856521959684
19.540052956079133
20.94101907593602
23.060703713223674
22.296383786786276
25.813334358555608
18.601218323236594
17.811370810793658
22.546676509934525
25.012728994295472
24.399620967530257
19.924218279262345
22.97036288744184
19.523852926989306
26.583909175499347
22.152691135113866
21.746828395284375
24.789131333632167
24.93169303803056
25.1565417635971
21.77396483374418
18.993424131183907
22.9874677387849
27.17880697665623
21.967969539586555
22.563963606471255
21.49534577115052
18.51764817554046
23.36274662770011
26.409978182429438
23.7172750288494
21.607282108333887
18.58560538719337
19.895122429749954
19.30307392612482
24.240663433886958
19.92942831008614
23.465509308160822
22.211540670167953
23.60940440221034
18.148062020410013
24.181576769893876
23.743464913456787
18.712964106977022
22.33556996282945
22.978530868524196
21.081539873232742
22.339489234437618
19.33232637371323
22.72199554363424
25.480356212953613
19.76193582982262
25.524734704065455
19.314892214514234
22.06662413770984
25.490145585082473
22.949369746667088
19.15997170892179
22.44881065542416
25.481150866201286
23.171822682228918
24.494254869643278
27.197420692340014
22.182487447986766
24.23796098901
24.161721812771695
18.000991040734103
18.25503399905171
20.521577857356583
22.831121477221764
20.45970700347026
23.21039211117744
18.08236365427746
22.046436770176403
20.814183029520798
27.04295222450211
20.91641547207497
21.037138563250338
21.562730508984718
19.18297169332479
22.366606136279444
26.413188169676975
18.363155067485458
20.787688622467375
25.195149359056877
26.2842572088023
21.104852148515377
22.828978881054116
19.13784914094892
19.77218210004613
21.22533184882161
21.9249958842277
23.86557373856812
21.88340634683707
24.24823987199207
23.87516126946619
24.883926365054716
23.532883031925373
22.351292620621827
20.22296575499322
20.60759891170061
17.231170351433434
21.734066119948526
18.003207008338176
23.629314256625985
24.682216508000092
23.29624184024095
23.37323778308973
20.57037840453664
20.18930338231114
18.649091293976554
20.05473946309483
26.403060364006272
25.083452709646348
22.383192533019223
19.981936992560563
24.333259216426757
19.08657799164201
22.602276038761747
23.700869057409303
24.022179130006197
21.48188781706522
25.835937627611994
20.98646591917568
22.665598655663526
20.296619142107204
20.53158729695085
20.887015111831147
17.610974704035076
20.716187363344286
22.50680070914175
23.60759114834739
25.969678342530358
23.236090134839127
21.80112096027624
24.556136374804517
19.164180175171257
23.31257851244803
22.54769500736913
23.394782491856088
25.074531292187338
21.773129119624528
20.478571359289347
21.866862554999773
24.633493771702653
20.95929924458011
21.89484951103046
20.77903478231902
21.355086523587644
20.381085546507457
17.97944101932381
26.355532947952614
23.939892958525235
19.481845280558154
23.85324048311314
25.58136737246474
20.149856074908705
18.443545216105058
17.16669793948245
22.530614833278204
22.138976804799178
21.102868642341416
24.41987913107618
21.062398119662706
21.617180804533778
17.37583841177835
20.14101864658516
22.87677072093526
22.66141967350648
24.089031683428903
20.176345990428466
23.99466549349441
18.56449768444544
24.2115224304322
25.37467144268271
20.241113724376188
22.590339626932522
16.976306049519458
17.36978277191127
18.92302596385775
23.751799834416133
22.620965050063877
19.389206366273033
25.27000893400753
20.208248911834495
24.311729305616712
17.99317281528404
19.720975331259485
21.955321489381024
22.963825423502158
19.16871827091118
23.640498738872587
24.47898401273264
24.065211012870044
23.122574264425687
22.797382604374242
25.777134216630053
25.231302461683672
24.000785851636127
25.869769773271567
23.972809236892704
23.867808123922003
20.60512429640905
25.050097155867167
24.520506836225568
18.577099309455207
22.820744423180233
21.127242497929515
19.919431337126937
22.467763185786346
25.600626687857595
20.01121047686124
18.140112610177784
19.015799879494672
23.141155545684434
26.389386309184527
20.474412283533162
22.313337010458042
24.96521343158022
17.876855028811697
19.686141285331995
19.4813874995274
25.687182571117507
19.456949396706168
20.80366888642018
21.06847394735235
22.790890028290114
21.550769918541658
20.57182758623647
21.798701572659326
21.265735783384187
21.016675232826262
19.59911018564097
17.252775843419226
22.58092483876009
21.70153891385709
19.57308887776178
19.525792668966787
21.406769481324172
21.263526908770054
26.230976967645663
17.721676806326002
17.17641090454448
24.064860985272816
19.855383724843342
19.41150769968311
19.375164121077965
24.143216493980535
18.85258486800867
24.29647999177065
22.393115026997283
19.788656882003732
22.79231996457811
22.191363322383
22.77017165752326
21.888768067216947
18.90125365644963
23.645887933048016
21.624864495437386
26.494913806777813
20.77034917203085
20.847958608350876
21.99047706993342
26.503733902819622
22.333924540721586
22.52453239898451
20.346633954718794
26.014507983369743
23.381130890504537
19.484807439749023
22.2981054113173
21.28196782397401
22.866445943620143
22.528983962231482
22.837022906440605
24.22539126408149
21.513957561583787
18.475875870192716
25.723196964929745
22.46583390741065
26.50768229400497
24.60686698922415
21.489621688989562
24.044866063491636
24.911879423418455
25.349887282813985
22.719483558861292
20.498226326151528
22.075032500009087
24.93420208001208
24.450259259222275
18.903399391733704
23.491770673455257
25.24567551420418
22.829376678876283
19.15857023094794
20.04657441712923
23.72200756320985
18.7322634483175
20.927738100628478
20.318150410697452
23.23783480828171
22.41002405235967
18.614142889734843
24.507186881503173
20.738071368415472
25.78057077638354
26.366601529807387
22.077326244645654
24.867100340261032
23.74140033197277
24.500041235628444
20.775198199048813
21.06368475650012
20.90635174976085
24.194463008551374
16.909007879517116
24.20575705927812
23.82271667315932
20.295503580395483
21.427362984840407
23.68803781979919
25.05770505634433
22.620686593683065
22.49810501974392
21.944525947901305
21.986280950389073
16.8426591013393
23.68554527988649
22.955182116923588
19.365111206575772
20.888318079156114
23.913609229909444
22.412192625032205
20.373902800402078
20.729312906497785
17.41580893399301
22.796604712329298
22.838486296298957
24.647777203399464
22.41011061303249
23.081721799823967
18.15829448363138
24.151013866254928
23.740076723696898
19.93818025065341
25.69789475358389
22.18039492138965
19.836643330939346
21.219150488727287
22.77588882539928
17.43181600037355
20.071069190357882
21.68355311700427
21.214818861939527
21.14995124470234
24.207158354234597
18.58558964386998
21.984524718051524
20.722101706851547
23.347266099324543
23.24311928383959
26.17144765724789
21.589538649427592
20.485614209934596
20.62506413183996
20.571882654779767
18.529817743694757
21.301593655000207
23.44286839520969
23.355882920716898
24.640772636851008
19.778878197543772
23.413183021406162
18.538095573022197
21.937456812753542
20.689993381323333
19.6785941812663
19.956242827267797
21.69117618413153
24.61897813388563
23.15033715804773
19.796782215623264
25.83297045829646
23.004040326489356
24.392248454935707
22.825098112951647
20.90235548510502
22.72760238457338
21.314728680444304
22.794477393351265
22.322456253899585
26.622227521145028
21.293369767404887
25.6690050486972
23.94878744740545
22.219539217671002
20.83377595455623
24.969890597763094
21.410094432951762
24.560123807368857
19.72479055154695
19.183863889409142
19.86847643647233
24.941851423390514
23.720247426364978
20.15354881755682
22.737182788094497
19.082790460496973
25.993570551155063
24.463156551108053
18.49305566695274
24.234704945678516
25.40195402010436
21.218335049894907
19.79554506257067
22.81544257803886
24.612736193769006
20.73936541753504
23.676582822627537
19.48918904103724
24.17466320525554
22.375985570445245
17.831650576538763
19.79937902682433
24.43504773534231
21.64372773835254
21.10084608032556
19.818435283719527
21.089647813850775
19.089563320217884
21.019524225856678
24.29431940925666
20.78648854091427
19.366113999496832
26.180318078129154
23.921347770358842
21.92996302361134
19.264684926183826
24.39798214254828
20.832124404963004
20.98924164731129
23.05925175434228
23.096098725596512
23.277952367817523
18.3171331824323
19.73169003375081
20.296651582764834
23.91135282769053
23.62515581930182
21.595696552334225
24.525788399829203
23.502445709032163
18.951367930671584
19.78837263320218
19.311961339380204
21.97652759212401
19.791126453494915
23.596271116525642
25.268704144246943
20.014266392875623
23.18174095766033
26.395419480317766
18.243283970288218
18.934822666674087
19.55345424066521
19.843232687035922
19.835750945396654
24.677365169389816
24.12246932358269
18.855418163333447
21.07159984110842
19.41289915662193
23.126490412163616
23.522319906896254
25.00020709846344
19.6639136501003
23.922017715278855
19.48679363619998
23.49435592064028
18.776388390541968
23.61611219901886
19.200350041562622
19.127736083447374
20.516716093741554
20.253822544163814
25.42767126439123
23.227347736255865
20.868615982465577
21.232057802958398
23.349326443569794
17.916092218437775
21.056118554250933
21.155696153295285
20.058730896795147
22.368080142942187
24.073243952084706
22.5297185236769
21.884747978148916
18.472973558985025
19.638492376032083
25.882833187199914
23.894903166159402
21.752939789083037
21.12803819224204
22.499550784759315
21.597993364452904
21.827398327819825
24.358947499721708
20.920132735594823
19.3222002336882
26.02630767546841
21.002802865432944
24.583964760705257
22.764721058898
19.86825096431892
19.413931713397538
17.664936142400897
24.733249091851626
24.43515988805388
25.857170931209133
23.67293097883907
20.879153306724348
22.820262202965107
21.914762136232643
19.540655092327796
20.495948104009866
24.10546455934342
26.15805997652978
19.4002926562828
25.086079876908393
18.613396167747805
18.576926538318602
22.754953585148513
24.040788144921915
23.739609320012228
20.1231048180735
19.72892251515132
21.853038497392575
21.847201695313725
19.964701169145187
24.81283882623481
23.194989897503284
24.282445964087287
21.78018915705629
20.07570086653754
24.384754832942544
23.210813837514422
21.214871330636512
25.59645082806712
26.058369435665867
20.08929901966066
21.487316308443237
21.16334184738435
18.78016681194918
20.84818103961939
22.287657394838654
24.10648436325888
18.52415509431692
21.21595614828279
23.008852026929112
21.22567540835824
20.087352528281247
20.606987164205307
19.479872900733778
23.600598512712455
18.315277992020548
19.81735210383875
20.14494431557302
19.41838191452538
20.88786728555689
25.374055103732882
18.775895307562497
20.00806468380884
20.831941361231504
21.960867487607047
22.798495294798002
23.29794924003508
20.96108405352614
19.147247965863638
18.07374042359987
18.735912682371946
24.51207886239724
21.436202763578347
18.932606410321327
22.716780698357834
26.835400879882666
23.406498448228255
23.535335680061443
19.735994264650504
21.318698688874274
20.188098106990584
17.9193453805965
18.06762476907204
23.38069078193737
22.513403176989698
24.196586971827532
20.422985924051826
18.99068379162473
21.772673562737904
21.241926172574843
21.402661942812347
19.635909594726552
25.320113297880535
19.707062922718638
24.609732579651762
24.84494239416186
22.59146039482982
18.417891902680648
20.47172611508827
22.45907418234987
18.77632797541282
22.4389142365786
19.451176059458078
24.759033346784584
22.537166115942135
24.74002043824572
21.60199017589664
20.03759996598946
26.05378126831737
22.24308927827155
22.71617861493491
23.409754256830706
19.36853777357872
23.379520593705788
24.10969955354163
25.14097339358512
19.24120470499925
18.89160995662294
21.48287009710177
22.35615192551936
23.40517305364221
20.903505003295223
26.63217584082302
23.011058630260564
26.178379666054727
22.582414310830146
17.359782590766258
21.825359891851882
24.355382924188856
19.26689755154985
25.733338904019575
24.30108230788098
18.107473355269423
17.944053880465855
21.48227341479819
19.62386862310411
20.980448625219754
18.577822195979543
21.44583031285438
20.79576791637465
16.839008951949353
19.989983106309033
21.67339320064241
17.719651400162853
22.727869472520872
16.853559687150792
21.14277332140534
24.90580565114136
25.686606143361264
19.55196613703091
21.889899626948083
17.54128818013194
20.27988307502032
20.33069842288267
26.03231531282696
21.092356911302762
21.574647923686303
19.40973404781018
18.436057130133513
17.399814218161527
23.04304065461813
23.98550713179924
20.283866531338937
21.282065575049845
25.560182188511774
26.249199358920688
23.150466889017192
20.105740023666407
20.85846655835887
18.920938045747693
19.095192524846542
19.257048136736397
18.912853374497193
24.60300395118197
18.35471161641891
23.784830868874124
19.978182305411345
19.389467621830704
24.622552187529816
26.003347938104902
24.937563765101547
22.527551703485756
23.455247894561385
19.82733761475676
17.524133051053614
21.031787595639077
24.23978722223609
21.803477031547192
25.102008300140472
22.581925852094844
17.711502571486204
19.43555310215559
27.317466368580344
22.8089132973583
20.358319390450134
18.72503603492763
18.799282646549845
23.708995708905857
19.727026544295473
18.216282803107553
23.908282859149804
22.290256504774266
20.457714047621426
18.511854052995336
21.701090304899328
17.359611821122797
21.415976245836703
20.7018229809248
16.510130431758856
20.800804826765262
25.96528780969977
21.174853821310723
21.856515981594946
19.961914296024037
17.383424031558874
19.904675502535092
26.5525382836408
24.0583899796797
22.7787369465848
18.129693657206698
22.961534063672172
22.05333727741124
21.850922792754062
17.79306426268586
22.43504447415274
19.044711504644667
22.165630035682497
20.21871494450815
21.186219263897947
23.699180144608874
26.97737362770102
22.41436220850018
24.643316522589274
26.61107503181095
19.009109824585458
23.581189542485404
26.158676076574015
25.09316341770546
21.732039828121582
17.758867326672867
22.94326407973867
21.891537792900742
17.61119449210398
24.922347311957306
21.868064672150833
25.942339428681144
20.694121729842422
22.32737878707862
26.497532389929095
24.91576147010377
26.568077850358534
22.90481483543755
23.812762475922344
26.94846088905332
23.01547153878436
18.961005363706562
22.82950197319816
25.265075573354586
23.2581520550959
17.80691163725072
24.83541502977235
19.07484356270456
17.501131162863874
21.728519462717003
25.294195612145185
24.40813504100026
25.362940479956272
26.21558123681953
25.458105513300943
20.19599238720245
25.279645940124777
23.15702068820464
25.229252710899356
25.86161593660144
22.48188571374525
18.045475159936483
19.215970751108475
18.293932601114623
19.630045653182012
18.879703908250313
18.207028691102323
22.793210348412927
18.416604182315485
21.96648160101296
25.6804595524097
24.497177392314143
18.48326119168244
21.977706159201823
18.014865798126497
18.917114615971027
22.71054047131906
22.51350875510175
21.700241310701877
26.363329022409644
21.6345670061666
22.969899093406468
26.303041750696107
18.10035006832581
23.230407979022605
23.094179249125727
25.620782821487026
22.142250167273964
21.73235547523203
18.92835727840688
26.45832987467358
23.2107706571835
18.492285864899582
20.546312491360116
26.51684751860569
21.228605611988957
26.85786488903142
21.321608806474856
18.370685288325507
18.889827783965362
20.964590637110714
17.78279012994276
20.366499996543414
19.66393643697079
21.317817477509276
16.319321447916426
21.79202065744384
22.324727305272926
17.718357337132776
24.206160844126572
24.689062935992137
23.590100496353074
26.12408256972338
21.68800299342526
18.302208509480362
18.722108561729247
23.64265959842531
19.316212391041756
17.933535342034045
17.79101558719139
22.154425926173154
23.363678629962266
17.38719298974246
20.624159646263774
21.836948490524808
25.995004521451087
25.502577623977217
21.25244695657584
21.32228426106403
19.767154532231164
16.65952546832513
21.040123553274224
21.23007048161034
27.273281055326077
19.51813866727291
20.17082894487872
26.939770255674876
17.27067692293417
20.846291778702117
23.365055348389056
23.32100027743705
18.20508428049458
18.698014038086445
17.140751933746117
25.996604940813477
25.968070770539526
19.9638048549754
19.072646045895358
18.16270201602651
22.622933349960064
27.14827939546477
23.020466905103145
17.835860800084024
22.1748290521212
26.569927008872206
24.41644386475242
20.05852185501546
17.552732221921296
23.346797266554322
22.072861804543102
27.018164265992475
20.09078655815756
25.912266207076417
25.002170608041947
21.765218873579798
16.351743109090084
20.460437043368376
24.461435446908013
18.487254778517183
19.283584185903248
18.582779678009096
24.919667334733628
21.800842286175346
18.03768787094232
21.75383338941272
19.983961577716574
17.666741963914227
20.748526785781113
20.716151003280174
18.54520960241495
20.632260031366048
18.380809885413516
17.442200287706896
21.230254488524643
25.267744934654523
17.781651171437343
23.90790672976259
21.56793522398455
25.28712741271192
25.600838289433742
22.966614954640026
21.189589076234785
16.868911318485576
19.604187127350777
23.095139206125474
17.424697847841998
21.884695529160442
22.27586049936475
23.8221394686263
27.317493689305003
22.75312879886636
18.889910247044778
17.492616474727075
18.89502969168563
17.527725333079076
23.65173651721238
18.601019884953892
18.602621084715388
25.4793796704898
26.90802357946265
21.928926923943575
21.93435668859243
18.016157220926985
23.274623975855576
26.028844393125574
17.568048590607866
18.9395756368302
21.692919330996087
21.44936254274441
22.84504870368329
27.505759651398357
18.72840375203523
16.746262770096465
21.03991540843053
22.15130413422673
19.764670997408327
17.456638915044834
26.901521558040884
23.13812120083931
24.55854145214909
27.252362933819835
23.036581296728993
22.174143818506934
24.337441031349453
19.045364556979173
25.514383050726718
24.533924865207915
18.146738464871852
20.25419376203449
21.30055648912944
26.02655215866634
24.577067801463198
18.12324662148738
24.529368976371725
26.259626361791867
22.260587132051228
26.78902257977407
24.12911465992726
26.680390949521367
24.522906190792213
24.463537441809724
17.702989953529524
25.264527215283888
25.478333207908573
17.16031434002442
18.28013038575442
24.639979926715164
23.057597153621042
24.724576333878932
17.00884068412424
21.232249294202763
24.8389990223052
17.62109066421788
17.726374383957193
21.84282390352886
22.311131645293393
28.16618515547977
7.510692571057524
31.369665426491704
27.648197656447874
23.80462130900686
20.20961687572268
17.55124428635879
24.650951838088094
22.613583069980006
19.69826317558661
16.649466335045805
21.55285053725547
18.23495648518083
2.201902801243716
27.334228146408584
40.376965659394344
32.94550921689375
19.322814422660375
38.501768075480165
22.437643909428168
15.713848160529583
42.545702384271905
28.7403725257221
7.497163422153695
9.636693048292448
18.291968909218635
17.181705237137074
14.152338686943825
19.158560858312168
10.623286171615039
28.99085845780482
7.9904362938288465
18.21340976128675
31.212654045835013
29.134871151773794
38.91995959602709
12.796678060637912
9.076039706799104
0.19843151346931998
1.1819418158799213
17.739070111674042
32.503116673090304
1.399004237640567
3.4661379441133944
13.08719007132913
25.455804428829744
19.05232373723171
23.097562999437706
37.37435692508222
3.1288236828348257
43.83287007175281
23.697394599174647
17.11034844188618
20.237178069166866
6.575257103853477
43.40684010173997
14.618166398159916
14.768275861823879
31.82805865218523
19.795876318583183
17.313668916162293
19.735280692445134
20.740984202352248
28.904309883124846
0.11681315452877783
31.612084859748393
37.75561144676191
0.1898217494545026
26.374518233076024
42.07958575593511
1.1943566162380064
41.336409987348546
41.584798574554924
31.140806325363954
34.637178217784516
27.59455304687912
22.52262608984891
24.070703321188873
25.981836923701028
20.07536413667604
20.22979635170417
19.876885892291753
40.428978000854904
26.57543585613069
29.525010466478047
25.78288706225629
13.610297633583558
0.679290732778344
22.770246499507202
43.2233110751445
24.68902955423238
27.366382445191956
23.5966139700785
11.599604086141955
5.5268546599504935
37.047978862105644
31.51708550415676
15.95888073720166
32.597908048964754
21.36168407075227
10.927176543067903
16.863030736172192
36.865649876292586
0.4526162779602966
7.321099744289209
37.09276913638372
39.87408181559195
43.40617288385354
25.326676066402356
41.795546364507814
7.18671746797438
41.095974509113915
16.125590226712728
33.19311735386444
37.906860180891364
42.17441599755019
26.491183861744833
4.997042022380388
0.47176122817823957
5.441406583749533
28.339355213513873
6.95908946835536
1.4016770330054906
29.736515718727993
1.2497328673918495
13.582321944570046
0.5532000645688153
28.486501461970864
36.881856639245676
39.184491472790256
7.757738066766057
40.16778595677108
19.123883480183185
12.06865251705587
15.113586938417576
7.830368698169239
35.941569116607766
10.610767283920007
3.3878915176369344
36.499231016089986
5.639718697286308
22.660355872228976
25.666077078495903
32.756916506175585
5.346864530874785
42.60952257702975
3.23239804798569
37.79865548176376
10.22996104018504
17.707507877374955
19.35359762207198
42.22173758157031
1.8250322458974952
12.96324211129348
3.558046370384843
41.719294866221084
11.917236573183756
43.43309037407521
26.209781660036338
26.72076630596543
42.40733111063283
3.192151277122358
4.926680043325824
1.2915708452046275
17.072446514830094
19.017551292187402
10.075255358848317
17.361709018962923
36.95173872617602
21.48581362982733
30.151814245448765
4.934073967916608
20.034314673388046
2.135325690586846
27.491364265080147
21.79578663539873
18.572516280346054
2.401607738274122
9.230112169430809
2.626991981476483
7.528187673704424
15.452461927322815
3.174793079360926
0.5663665769213717
3.4238626244759973
9.275844547872131
34.536775517550076
4.4354437541154015
40.21284824646289
36.775662579603136
24.164007390868438
42.128383777175344
41.412163244605885
39.50368028711168
3.300793182996438
35.112727050061835
6.0910453714383435
32.65103170826912
31.71901165093626
26.491504783637083
19.487827602111807
25.323077050748026
30.007208753101857
18.191408460420682
9.492056292535677
23.382364769464864
37.33101216273621
28.317699343832146
14.890685200209525
29.92018921502177
17.225936177320055
34.35552282944164
37.24039552756278
4.053162427394504
11.165491601867034
9.548875284364591
5.495258033931375
43.247743491487675
11.447923616891218
39.56355214784933
15.84617039493061
33.30101751447083
19.456478962925345
28.20523214040448
20.623111442000013
37.29404649720209
13.935159642436718
30.66623277146475
16.044120794721838
16.36332958176414
41.80654243306872
2.395323037832666
9.9856062165139
9.498188348057184
25.879997978947305
40.95245276367978
7.300245575093798
27.844053095732992
16.079127477748507
38.41820699113747
20.03029629468779
35.094283077482864
11.36076255217941
7.297089967776905
37.69719164080918
28.67748631371066
40.8058158188742
34.21799639646183
24.577891689516772
2.323032390888828
31.288106466987838
11.041611059241049
5.573733286320935
28.108031503162493
28.454243656939415
24.41269891208789
42.92487626237654
33.465418678061404
11.011454551210019
0.4490002868884767
39.55847033744135
16.477928671583694
10.298975549475273
18.226795944997786
10.620432509311915
19.906262526391878
18.275750567520422
22.548601217514275
9.164828051871826
37.81240030624939
10.594407382286983
13.717150321338394
28.330168480759
40.53180614958849
41.948769949569794
11.306310539026544
4.705555761626866
41.693342041620774
11.128171947676769
10.177587023767567
5.023729704733475
37.46421252190213
0.5846285946777724
35.4572720317078
32.57458905820653
3.40742235091541
12.424436098768323
29.379317465075246
24.48495612647222
17.616505329877878
21.213447645442287
41.41399953233023
8.606110439645768
34.53796015037708
26.92230826085994
15.552125354647023
30.068405277760515
15.539246163202925
40.635714122303845
40.93413570555818
32.278600742651
27.216372113250802
35.329005886291924
37.80114383784443
34.058222862583605
11.096456663570127
14.399246769264433
33.94143798230949
43.87688432825426
33.08723733301988
29.475938917000025
3.143362937345687
23.767401690169102
15.109330947375865
16.784627561668724
29.86423894907626
30.539478748580088
34.32285779348739
8.70142626005218
16.294082226820407
32.029133094964095
17.095668495983183
23.663533017708257
25.781002305445266
